50
-1.87887 1.60424 7.68567
1.23118 1.91379 5.92922
-0.377384 0.59885 6.12141
1.70345 -0.449582 6.85392
0.735841 -0.736387 7.40419
-0.399506 -0.634772 7.42718
-1.40285 -1.2802 3.50358
-0.849509 0.31032 3.83675
-1.8374 1.2541 3.84935
-0.72639 0.0633752 6.86707
0.84219 0.740141 3.25228
0.00660635 -0.887306 4.49369
1.86687 0.151438 3.29078
-0.66836 0.41384 6.13828
1.44035 -1.52959 6.0186
-1.83794 -1.93983 6.50747
-1.63336 -1.69022 6.19268
1.79243 -1.92633 3.85018
0.591079 -0.819493 4.95232
1.79117 -0.0929881 7.71862
1.18628 1.54508 3.62904
0.366777 -1.56446 4.66517
1.9589 1.56026 6.69092
1.50943 -1.38337 7.04655
-1.537 -0.0988618 5.41565
-1.99396 0.719104 3.15185
-1.1676 1.49753 6.07441
1.93288 0.280783 7.49162
-1.09646 -1.50172 6.14728
-1.03313 -1.44118 4.37568
-0.690229 0.998653 3.04256
-0.454595 1.3992 5.56215
-0.447392 1.84235 5.88849
-0.370615 -0.946197 5.33995
-1.86984 -0.956039 5.78702
-1.06296 1.53075 7.25195
-0.295332 -1.83406 3.69944
1.42887 0.130944 6.55575
0.00877186 -1.9574 5.61302
1.8767 1.73742 7.99996
-1.124 -1.22571 5.28808
0.797841 -0.612804 4.48547
-1.64471 -0.906722 6.67127
1.75742 1.20899 7.95299
1.59546 1.72481 4.83942
1.71872 0.872789 7.66735
-0.335621 1.32344 5.97977
1.54916 -1.47232 5.69651
0.412645 -0.643613 7.14585
0.288065 0.484256 4.86582
0 0.349066 0 1 0.5 2 
0.1 0.249066 0 0.5 0.5 2.5 
-0.0500882 0.361775 -0.0252374 0.949956 0.300195 2.01739 
