30
-1.4 -0.3 6.3
1.3 -0.5 4.5
-0.8 -1.1 6.6
-1.8 0.7 5.1
-0.1 -1.7 7
0 0.6 5.6
-0.4 -0.9 5.2
-1.3 0.9 4.8
-1 0.2 6.2
0.7 -0.5 5.3
-1.8 0.2 5.9
0.9 -1.3 3.8
-0.4 -0.9 7.3
0.9 -0.7 7.2
1.9 0.4 5.1
1.8 -1.6 6.7
-1 -0.7 4.5
-0.9 0 5.6
1.3 0.2 3.6
1.6 -1.9 5
-1.5 -1.6 3.5
-0.4 0.5 5.7
-1.1 1.3 7.6
-1.6 -0.5 3.7
0.5 -0.6 6.2
1.4 -1.6 4.7
1 -1.3 7.3
1.6 -0.2 3.8
0.4 -1.7 6.8
1.4 1.9 3.1
0.984808 0 0.173648 0 1 0 -0.173648 0 0.984808 
-3 0 0
0.984808 -6.51307e-08 0.173648 6.10984e-08 1 2.85667e-08 -0.173648 -1.75231e-08 0.984808 
-1 -3.40158e-08 4.10048e-09
